%YAML:1.0
camera_name: R200
image_width: 640
image_height: 480
camera_matrix:
   rows: 3
   cols: 3
   data: [ 6.2944019856577290e+02, 0., 3.0622489799542683e+02, 0.,
       6.3477664417957772e+02, 2.5183992953451113e+02, 0., 0., 1. ]
distortion_coefficients:
   rows: 1
   cols: 5
   data: [ 2.3002469618070301e-01, -1.5154600483631122e+00,
       2.9248724196160461e-03, 1.0826683306159588e-03,
       2.2270009222579970e+00 ]
distortion_model: plumb_bob
rectification_matrix:
   rows: 3
   cols: 3
   data: [ 1., 0., 0., 0., 1., 0., 0., 0., 1. ]
projection_matrix:
   rows: 3
   cols: 4
   data: [ 6.2944019856577290e+02, 0., 3.0622489799542683e+02, 0., 0.,
       6.3477664417957772e+02, 2.5183992953451113e+02, 0., 0., 0., 1.,
       1. ]
